AT1G01060|AT1G01060.5|LHY
	sid Chr1
		group 1 6
			 1932 1903 0.9849896480331263
			 655 624 0.9526717557251908
	sid Chr2
		group 1 3
			 1932 0 0.0
			 655 431 0.6580152671755726
AT1G01060|AT1G01060.8|LHY
	sid Chr1
		group 1 6
			 1938 1875 0.9674922600619195
			 657 625 0.9512937595129376
	sid Chr2
		group 1 6
			 1938 0 0.0
			 657 498 0.7579908675799086
AT1G01060|AT1G01060.6|LHY
	sid Chr1
		group 1 6
			 1932 1903 0.9849896480331263
			 655 624 0.9526717557251908
	sid Chr2
		group 1 3
			 1932 0 0.0
			 655 431 0.6580152671755726
AT1G01040|AT1G01040.1|DCL
	sid Chr1
		group 1 18
			 5730 5519 0.9631762652705061
			 1942 1791 0.9222451081359423
		group 2 4
			 5730 1227 0.21413612565445025
			 1942 459 0.23635427394438724
	sid Chr3
		group 2 10
			 5730 0 0.0
			 1942 584 0.30072090628218334
		group 1 14
			 5730 0 0.0
			 1942 640 0.329557157569516
	sid Chr5
		group 1 14
			 5730 0 0.0
			 1942 912 0.46961894953656025
AT1G01010|AT1G01010.1|NAC
	sid Chr1
		group 1 5
			 1290 1134 0.8790697674418605
			 441 380 0.8616780045351474
		group 2 2
			 1290 438 0.3395348837209302
			 441 216 0.4897959183673469
	sid Chr4
		group 1 5
			 1290 0 0.0
			 441 253 0.5736961451247166
AT1G01050|AT1G01050.1|PPa
	sid Chr1
		group 1 6
			 639 527 0.8247261345852895
			 227 171 0.7533039647577092
	sid Chr4
		group 1 6
			 639 0 0.0
			 227 192 0.8458149779735683
	sid Chr2
		group 1 5
			 639 0 0.0
			 227 204 0.8986784140969163
		group 2 5
			 639 0 0.0
			 227 150 0.6607929515418502
	sid Chr3
		group 1 6
			 639 0 0.0
			 227 168 0.7400881057268722
AT1G01070|AT1G01070.1|UMA
	sid Chr1
		group 2 5
			 1098 0 0.0
			 375 310 0.8266666666666667
		group 3 2
			 1098 0 0.0
			 375 292 0.7786666666666666
		group 1 5
			 1098 1032 0.9398907103825137
			 375 339 0.904
	sid Chr4
		group 1 5
			 1098 0 0.0
			 375 316 0.8426666666666667
		group 2 5
			 1098 0 0.0
			 375 296 0.7893333333333333
		group 3 4
			 1098 0 0.0
			 375 288 0.768
	sid Chr3
		group 1 6
			 1098 0 0.0
			 375 345 0.92
AT1G01020|AT1G01020.2|ARV
	sid Chr1
		group 1 5
			 576 444 0.7708333333333334
			 203 160 0.7881773399014779
AT1G01020|AT1G01020.5|ARV
	sid Chr1
		group 1 4
			 597 405 0.678391959798995
			 212 191 0.9009433962264151
AT1G01020|AT1G01020.6|ARV
	sid Chr1
		group 1 2
			 315 226 0.7174603174603175
			 111 82 0.7387387387387387
AT1G01060|AT1G01060.2|LHY
	sid Chr1
		group 1 6
			 1938 1875 0.9674922600619195
			 657 625 0.9512937595129376
	sid Chr2
		group 1 6
			 1938 0 0.0
			 657 498 0.7579908675799086
AT1G01030|AT1G01030.1|NGA
	sid Chr1
		group 2 1
			 1077 0 0.0
			 360 134 0.37222222222222223
		group 3 1
			 1077 0 0.0
			 360 152 0.4222222222222222
		group 1 1
			 1077 1077 1.0
			 360 359 0.9972222222222222
		group 4 1
			 1077 0 0.0
			 360 127 0.3527777777777778
	sid Chr4
		group 1 1
			 1077 0 0.0
			 360 301 0.8361111111111111
	sid Chr3
		group 1 2
			 1077 0 0.0
			 360 164 0.45555555555555555
		group 3 1
			 1077 0 0.0
			 360 128 0.35555555555555557
		group 2 2
			 1077 0 0.0
			 360 115 0.3194444444444444
	sid Chr2
		group 1 1
			 1077 0 0.0
			 360 178 0.49444444444444446
		group 2 2
			 1077 0 0.0
			 360 115 0.3194444444444444
	sid Chr5
		group 1 2
			 1077 0 0.0
			 360 152 0.4222222222222222
AT1G01020|AT1G01020.1|ARV
	sid Chr1
		group 1 6
			 738 549 0.7439024390243902
			 260 239 0.9192307692307692
AT1G01070|AT1G01070.2|UMA
	sid Chr1
		group 2 4
			 957 0 0.0
			 327 253 0.7737003058103975
		group 3 3
			 957 0 0.0
			 327 264 0.8073394495412844
		group 1 4
			 957 838 0.8756530825496343
			 327 285 0.8715596330275229
	sid Chr4
		group 1 4
			 957 0 0.0
			 327 272 0.8318042813455657
		group 2 5
			 957 0 0.0
			 327 253 0.7737003058103975
		group 3 3
			 957 0 0.0
			 327 232 0.709480122324159
	sid Chr3
		group 1 5
			 957 0 0.0
			 327 311 0.9510703363914373
AT1G01050|AT1G01050.2|PPa
	sid Chr1
		group 1 6
			 639 527 0.8247261345852895
			 227 171 0.7533039647577092
	sid Chr4
		group 1 6
			 639 0 0.0
			 227 192 0.8458149779735683
	sid Chr2
		group 1 5
			 639 0 0.0
			 227 204 0.8986784140969163
		group 2 5
			 639 0 0.0
			 227 150 0.6607929515418502
	sid Chr3
		group 1 6
			 639 0 0.0
			 227 168 0.7400881057268722
AT1G01060|AT1G01060.4|LHY
	sid Chr1
		group 1 6
			 1935 1872 0.9674418604651163
			 656 626 0.9542682926829268
	sid Chr2
		group 1 6
			 1935 0 0.0
			 656 498 0.7591463414634146
AT1G01040|AT1G01040.2|DCL
	sid Chr1
		group 1 18
			 5733 5522 0.963195534624106
			 1943 1792 0.9222851260936696
		group 2 4
			 5733 1227 0.21402407116692831
			 1943 458 0.2357179619145651
	sid Chr3
		group 2 9
			 5733 0 0.0
			 1943 477 0.24549665465774576
		group 1 14
			 5733 0 0.0
			 1943 640 0.3293875450334534
	sid Chr5
		group 1 14
			 5733 0 0.0
			 1943 912 0.46937725167267114
AT1G01060|AT1G01060.3|LHY
	sid Chr1
		group 1 6
			 1938 1875 0.9674922600619195
			 657 625 0.9512937595129376
	sid Chr2
		group 1 6
			 1938 0 0.0
			 657 498 0.7579908675799086
AT1G01020|AT1G01020.4|ARV
	sid Chr1
		group 1 4
			 711 522 0.7341772151898734
			 248 230 0.9274193548387096
AT1G01030|AT1G01030.2|NGA
	sid Chr1
		group 2 2
			 1008 0 0.0
			 339 126 0.37168141592920356
		group 3 1
			 1008 0 0.0
			 339 152 0.44837758112094395
		group 1 2
			 1008 1007 0.9990079365079365
			 339 335 0.9882005899705014
		group 4 1
			 1008 0 0.0
			 339 110 0.32448377581120946
	sid Chr2
		group 1 1
			 1008 0 0.0
			 339 285 0.8407079646017699
		group 2 2
			 1008 0 0.0
			 339 137 0.40412979351032446
	sid Chr4
		group 1 2
			 1008 0 0.0
			 339 261 0.7699115044247787
	sid Chr3
		group 1 1
			 1008 0 0.0
			 339 285 0.8407079646017699
		group 3 1
			 1008 0 0.0
			 339 114 0.336283185840708
		group 2 2
			 1008 0 0.0
			 339 155 0.45722713864306785
	sid Chr5
		group 1 2
			 1008 0 0.0
			 339 139 0.41002949852507375
AT1G01060|AT1G01060.1|LHY
	sid Chr1
		group 1 6
			 1938 1875 0.9674922600619195
			 657 625 0.9512937595129376
	sid Chr2
		group 1 6
			 1938 0 0.0
			 657 498 0.7579908675799086
AT1G01020|AT1G01020.3|ARV
	sid Chr1
		group 1 4
			 711 522 0.7341772151898734
			 248 230 0.9274193548387096
AT1G01060|AT1G01060.7|LHY
	sid Chr1
		group 1 6
			 1938 1875 0.9674922600619195
			 657 625 0.9512937595129376
	sid Chr2
		group 1 6
			 1938 0 0.0
			 657 498 0.7579908675799086
AT1G01225|AT1G01225.1|AT1
	sid Chr1
		group 1 2
			 783 783 1.0
			 264 262 0.9924242424242424
	sid Chr4
		group 1 2
			 783 0 0.0
			 264 243 0.9204545454545454
	sid Chr5
		group 1 2
			 783 0 0.0
			 264 234 0.8863636363636364
		group 2 3
			 783 0 0.0
			 264 180 0.6818181818181818
		group 3 2
			 783 0 0.0
			 264 231 0.875
	sid Chr3
		group 1 2
			 783 0 0.0
			 264 251 0.9507575757575758
AT1G01100|AT1G01100.3|AT1
	sid Chr1
		group 1 3
			 291 262 0.9003436426116839
			 103 91 0.883495145631068
	sid Chr5
		group 1 3
			 291 0 0.0
			 103 91 0.883495145631068
	sid Chr4
		group 1 3
			 291 0 0.0
			 103 90 0.8737864077669902
AT1G01110|AT1G01110.1|IQD
	sid Chr1
		group 1 3
			 1095 1095 1.0
			 368 366 0.9945652173913043
	sid Chr4
		group 1 3
			 1095 0 0.0
			 368 366 0.9945652173913043
AT1G01150|AT1G01150.1|AT1
	sid Chr1
		group 1 4
			 1038 1038 1.0
			 352 344 0.9772727272727273
AT1G01220|AT1G01220.3|FKG
	sid Chr1
		group 1 6
			 2871 2869 0.9993033786137234
			 969 951 0.9814241486068112
	sid Chr4
		group 1 3
			 2871 0 0.0
			 969 113 0.11661506707946337
AT1G01080|AT1G01080.2|AT1
	sid Chr1
		group 1 4
			 885 885 1.0
			 301 295 0.9800664451827242
AT1G01150|AT1G01150.3|AT1
	sid Chr1
		group 1 3
			 879 879 1.0
			 297 292 0.9831649831649831
AT1G01220|AT1G01220.1|FKG
	sid Chr1
		group 1 7
			 3168 3166 0.9993686868686869
			 1066 1056 0.9906191369606003
	sid Chr4
		group 1 6
			 3168 0 0.0
			 1066 153 0.14352720450281425
AT1G01130|AT1G01130.1|AT1
	sid Chr1
		group 1 2
			 375 330 0.88
			 130 112 0.8615384615384616
AT1G01160|AT1G01160.2|GIF
	sid Chr1
		group 1 5
			 690 587 0.8507246376811595
			 239 220 0.9205020920502092
	sid Chr4
		group 1 3
			 690 0 0.0
			 239 151 0.6317991631799164
AT1G01220|AT1G01220.7|FKG
	sid Chr1
		group 1 7
			 3168 3166 0.9993686868686869
			 1066 1056 0.9906191369606003
	sid Chr4
		group 1 6
			 3168 0 0.0
			 1066 153 0.14352720450281425
AT1G01100|AT1G01100.1|AT1
	sid Chr1
		group 1 3
			 339 339 1.0
			 117 111 0.9487179487179487
	sid Chr5
		group 1 3
			 339 0 0.0
			 117 111 0.9487179487179487
	sid Chr4
		group 1 3
			 339 0 0.0
			 117 110 0.9401709401709402
AT1G01210|AT1G01210.2|AT1
	sid Chr1
		group 1 3
			 321 320 0.9968847352024922
			 112 107 0.9553571428571429
	sid Chr4
		group 1 2
			 321 0 0.0
			 112 107 0.9553571428571429
AT1G01090|AT1G01090.1|PDH
	sid Chr1
		group 2 2
			 1287 0 0.0
			 434 222 0.511520737327189
		group 1 3
			 1287 1287 1.0
			 434 429 0.988479262672811
		group 3 3
			 1287 0 0.0
			 434 254 0.5852534562211982
AT1G01220|AT1G01220.5|FKG
	sid Chr1
		group 1 5
			 2601 2599 0.9992310649750096
			 874 866 0.9908466819221968
AT1G01220|AT1G01220.6|FKG
	sid Chr1
		group 1 5
			 2601 2599 0.9992310649750096
			 874 866 0.9908466819221968
AT1G01170|AT1G01170.2|AT1
	sid Chr1
		group 1 2
			 252 252 1.0
			 87 84 0.9655172413793104
AT1G01240|AT1G01240.3|AT1
	sid Chr1
		group 1 1
			 996 996 1.0
			 333 332 0.996996996996997
	sid Chr2
		group 1 2
			 996 0 0.0
			 333 217 0.6516516516516516
AT1G01140|AT1G01140.2|CIP
	sid Chr1
		group 2 1
			 1350 0 0.0
			 473 455 0.9619450317124736
		group 3 8
			 1350 0 0.0
			 473 325 0.6871035940803383
		group 5 2
			 1350 0 0.0
			 473 246 0.5200845665961945
		group 1 12
			 1350 1206 0.8933333333333333
			 473 406 0.8583509513742071
		group 4 8
			 1350 0 0.0
			 473 355 0.7505285412262156
	sid Chr5
		group 4 1
			 1350 0 0.0
			 473 434 0.9175475687103594
		group 7 1
			 1350 0 0.0
			 473 422 0.8921775898520085
		group 8 12
			 1350 0 0.0
			 473 345 0.7293868921775899
		group 10 11
			 1350 0 0.0
			 473 383 0.8097251585623678
		group 12 5
			 1350 0 0.0
			 473 253 0.5348837209302325
		group 13 4
			 1350 0 0.0
			 473 224 0.47357293868921774
		group 1 1
			 1350 0 0.0
			 473 433 0.9154334038054969
		group 2 1
			 1350 0 0.0
			 473 440 0.9302325581395349
		group 3 1
			 1350 0 0.0
			 473 440 0.9302325581395349
		group 5 1
			 1350 0 0.0
			 473 433 0.9154334038054969
		group 6 1
			 1350 0 0.0
			 473 444 0.9386892177589852
		group 9 1
			 1350 0 0.0
			 473 410 0.8668076109936576
		group 11 6
			 1350 0 0.0
			 473 262 0.5539112050739958
		group 14 1
			 1350 0 0.0
			 473 209 0.4418604651162791
	sid Chr4
		group 1 1
			 1350 0 0.0
			 473 440 0.9302325581395349
		group 4 12
			 1350 0 0.0
			 473 344 0.7272727272727273
		group 2 1
			 1350 0 0.0
			 473 436 0.9217758985200846
		group 3 1
			 1350 0 0.0
			 473 349 0.7378435517970402
		group 5 3
			 1350 0 0.0
			 473 237 0.5010570824524313
	sid Chr2
		group 1 1
			 1350 0 0.0
			 473 433 0.9154334038054969
		group 2 2
			 1350 0 0.0
			 473 432 0.9133192389006343
		group 3 1
			 1350 0 0.0
			 473 414 0.8752642706131079
		group 4 2
			 1350 0 0.0
			 473 387 0.8181818181818182
		group 5 9
			 1350 0 0.0
			 473 307 0.6490486257928119
	sid Chr3
		group 1 2
			 1350 0 0.0
			 473 431 0.9112050739957717
		group 2 9
			 1350 0 0.0
			 473 353 0.7463002114164905
		group 3 5
			 1350 0 0.0
			 473 259 0.547568710359408
		group 4 5
			 1350 0 0.0
			 473 244 0.5158562367864693
AT1G01240|AT1G01240.1|AT1
	sid Chr1
		group 1 1
			 996 996 1.0
			 333 332 0.996996996996997
	sid Chr2
		group 1 2
			 996 0 0.0
			 333 217 0.6516516516516516
AT1G01190|AT1G01190.1|CYP
	sid Chr1
		group 4 1
			 1608 0 0.0
			 539 465 0.862708719851577
		group 5 2
			 1608 0 0.0
			 539 453 0.8404452690166976
		group 6 2
			 1608 0 0.0
			 539 345 0.640074211502783
		group 7 1
			 1608 0 0.0
			 539 460 0.8534322820037106
		group 8 2
			 1608 0 0.0
			 539 372 0.6901669758812616
		group 9 1
			 1608 0 0.0
			 539 461 0.8552875695732839
		group 10 2
			 1608 0 0.0
			 539 392 0.7272727272727273
		group 11 2
			 1608 0 0.0
			 539 435 0.8070500927643784
		group 13 2
			 1608 0 0.0
			 539 372 0.6901669758812616
		group 14 2
			 1608 0 0.0
			 539 440 0.8163265306122449
		group 15 1
			 1608 0 0.0
			 539 206 0.3821892393320965
		group 16 2
			 1608 0 0.0
			 539 444 0.8237476808905381
		group 17 1
			 1608 0 0.0
			 539 415 0.7699443413729128
		group 18 2
			 1608 0 0.0
			 539 437 0.8107606679035251
		group 1 2
			 1608 1608 1.0
			 539 535 0.9925788497217068
		group 2 2
			 1608 0 0.0
			 539 506 0.9387755102040817
		group 3 2
			 1608 0 0.0
			 539 493 0.9146567717996289
		group 12 2
			 1608 0 0.0
			 539 357 0.6623376623376623
	sid Chr2
		group 8 2
			 1608 0 0.0
			 539 457 0.8478664192949907
		group 10 3
			 1608 0 0.0
			 539 365 0.6771799628942486
		group 11 2
			 1608 0 0.0
			 539 376 0.6975881261595547
		group 16 3
			 1608 0 0.0
			 539 342 0.634508348794063
		group 17 2
			 1608 0 0.0
			 539 324 0.601113172541744
		group 19 2
			 1608 0 0.0
			 539 359 0.6660482374768089
		group 1 2
			 1608 0 0.0
			 539 531 0.9851576994434137
		group 2 3
			 1608 0 0.0
			 539 331 0.614100185528757
		group 3 2
			 1608 0 0.0
			 539 443 0.8218923933209648
		group 4 4
			 1608 0 0.0
			 539 374 0.6938775510204082
		group 5 3
			 1608 0 0.0
			 539 351 0.6512059369202227
		group 6 2
			 1608 0 0.0
			 539 422 0.7829313543599258
		group 7 2
			 1608 0 0.0
			 539 380 0.7050092764378478
		group 9 3
			 1608 0 0.0
			 539 444 0.8237476808905381
		group 12 2
			 1608 0 0.0
			 539 314 0.5825602968460112
		group 13 1
			 1608 0 0.0
			 539 208 0.38589981447124305
		group 14 2
			 1608 0 0.0
			 539 347 0.6437847866419295
		group 15 3
			 1608 0 0.0
			 539 221 0.4100185528756957
		group 18 3
			 1608 0 0.0
			 539 373 0.6920222634508348
	sid Chr3
		group 2 2
			 1608 0 0.0
			 539 433 0.8033395176252319
		group 3 2
			 1608 0 0.0
			 539 440 0.8163265306122449
		group 4 2
			 1608 0 0.0
			 539 381 0.7068645640074211
		group 5 1
			 1608 0 0.0
			 539 467 0.8664192949907236
		group 6 2
			 1608 0 0.0
			 539 453 0.8404452690166976
		group 7 2
			 1608 0 0.0
			 539 442 0.8200371057513914
		group 8 2
			 1608 0 0.0
			 539 454 0.8423005565862709
		group 9 2
			 1608 0 0.0
			 539 413 0.7662337662337663
		group 10 2
			 1608 0 0.0
			 539 439 0.8144712430426716
		group 12 1
			 1608 0 0.0
			 539 464 0.8608534322820037
		group 14 2
			 1608 0 0.0
			 539 459 0.8515769944341373
		group 15 2
			 1608 0 0.0
			 539 447 0.8293135435992579
		group 16 2
			 1608 0 0.0
			 539 453 0.8404452690166976
		group 17 2
			 1608 0 0.0
			 539 423 0.7847866419294991
		group 18 2
			 1608 0 0.0
			 539 472 0.87569573283859
		group 20 2
			 1608 0 0.0
			 539 379 0.7031539888682746
		group 1 2
			 1608 0 0.0
			 539 531 0.9851576994434137
		group 11 3
			 1608 0 0.0
			 539 373 0.6920222634508348
		group 13 2
			 1608 0 0.0
			 539 345 0.640074211502783
		group 19 2
			 1608 0 0.0
			 539 424 0.7866419294990723
	sid Chr5
		group 1 2
			 1608 0 0.0
			 539 519 0.9628942486085343
		group 2 3
			 1608 0 0.0
			 539 283 0.5250463821892394
		group 5 1
			 1608 0 0.0
			 539 471 0.8738404452690167
		group 7 1
			 1608 0 0.0
			 539 478 0.8868274582560297
		group 10 2
			 1608 0 0.0
			 539 478 0.8868274582560297
		group 11 1
			 1608 0 0.0
			 539 466 0.8645640074211502
		group 12 1
			 1608 0 0.0
			 539 472 0.87569573283859
		group 13 2
			 1608 0 0.0
			 539 460 0.8534322820037106
		group 18 3
			 1608 0 0.0
			 539 344 0.6382189239332097
		group 19 1
			 1608 0 0.0
			 539 201 0.37291280148423006
		group 3 2
			 1608 0 0.0
			 539 425 0.7884972170686456
		group 4 2
			 1608 0 0.0
			 539 450 0.8348794063079777
		group 6 2
			 1608 0 0.0
			 539 457 0.8478664192949907
		group 8 2
			 1608 0 0.0
			 539 456 0.8460111317254174
		group 9 2
			 1608 0 0.0
			 539 432 0.8014842300556586
		group 14 2
			 1608 0 0.0
			 539 321 0.5955473098330241
		group 15 2
			 1608 0 0.0
			 539 442 0.8200371057513914
		group 16 2
			 1608 0 0.0
			 539 471 0.8738404452690167
		group 17 3
			 1608 0 0.0
			 539 405 0.75139146567718
		group 20 2
			 1608 0 0.0
			 539 346 0.6419294990723562
	sid Chr4
		group 1 1
			 1608 0 0.0
			 539 460 0.8534322820037106
		group 2 1
			 1608 0 0.0
			 539 458 0.849721706864564
		group 6 2
			 1608 0 0.0
			 539 349 0.647495361781076
		group 7 3
			 1608 0 0.0
			 539 334 0.6196660482374768
		group 8 2
			 1608 0 0.0
			 539 479 0.8886827458256029
		group 9 2
			 1608 0 0.0
			 539 376 0.6975881261595547
		group 10 2
			 1608 0 0.0
			 539 428 0.7940630797773655
		group 11 2
			 1608 0 0.0
			 539 454 0.8423005565862709
		group 18 2
			 1608 0 0.0
			 539 439 0.8144712430426716
		group 19 2
			 1608 0 0.0
			 539 461 0.8552875695732839
		group 20 2
			 1608 0 0.0
			 539 405 0.75139146567718
		group 3 2
			 1608 0 0.0
			 539 445 0.8256029684601113
		group 4 2
			 1608 0 0.0
			 539 346 0.6419294990723562
		group 5 2
			 1608 0 0.0
			 539 447 0.8293135435992579
		group 12 3
			 1608 0 0.0
			 539 318 0.5899814471243042
		group 13 2
			 1608 0 0.0
			 539 445 0.8256029684601113
		group 14 2
			 1608 0 0.0
			 539 433 0.8033395176252319
		group 15 2
			 1608 0 0.0
			 539 448 0.8311688311688312
		group 16 2
			 1608 0 0.0
			 539 328 0.608534322820037
		group 17 2
			 1608 0 0.0
			 539 456 0.8460111317254174
AT1G01140|AT1G01140.1|CIP
	sid Chr1
		group 2 1
			 1344 0 0.0
			 471 453 0.9617834394904459
		group 3 8
			 1344 0 0.0
			 471 319 0.6772823779193206
		group 6 6
			 1344 0 0.0
			 471 211 0.44798301486199577
		group 7 2
			 1344 0 0.0
			 471 244 0.5180467091295117
		group 1 11
			 1344 1119 0.8325892857142857
			 471 391 0.8301486199575372
		group 4 8
			 1344 0 0.0
			 471 355 0.7537154989384289
		group 5 6
			 1344 225 0.16741071428571427
			 471 135 0.28662420382165604
	sid Chr5
		group 4 1
			 1344 0 0.0
			 471 432 0.9171974522292994
		group 7 1
			 1344 0 0.0
			 471 383 0.8131634819532909
		group 9 12
			 1344 0 0.0
			 471 344 0.7303609341825902
		group 10 10
			 1344 0 0.0
			 471 363 0.7707006369426752
		group 12 5
			 1344 0 0.0
			 471 251 0.5329087048832272
		group 13 4
			 1344 0 0.0
			 471 222 0.4713375796178344
		group 1 1
			 1344 0 0.0
			 471 431 0.9150743099787686
		group 2 1
			 1344 0 0.0
			 471 438 0.9299363057324841
		group 3 1
			 1344 0 0.0
			 471 438 0.9299363057324841
		group 5 1
			 1344 0 0.0
			 471 442 0.9384288747346072
		group 6 1
			 1344 0 0.0
			 471 416 0.8832271762208068
		group 8 1
			 1344 0 0.0
			 471 408 0.8662420382165605
		group 11 6
			 1344 0 0.0
			 471 260 0.5520169851380042
		group 14 1
			 1344 0 0.0
			 471 209 0.4437367303609342
	sid Chr4
		group 1 1
			 1344 0 0.0
			 471 438 0.9299363057324841
		group 4 11
			 1344 0 0.0
			 471 324 0.6878980891719745
		group 2 1
			 1344 0 0.0
			 471 434 0.921443736730361
		group 3 1
			 1344 0 0.0
			 471 374 0.7940552016985138
	sid Chr2
		group 1 1
			 1344 0 0.0
			 471 431 0.9150743099787686
		group 2 2
			 1344 0 0.0
			 471 432 0.9171974522292994
		group 3 1
			 1344 0 0.0
			 471 412 0.8747346072186837
		group 4 2
			 1344 0 0.0
			 471 385 0.8174097664543525
		group 5 10
			 1344 0 0.0
			 471 321 0.6815286624203821
	sid Chr3
		group 1 1
			 1344 0 0.0
			 471 414 0.8789808917197452
		group 2 9
			 1344 0 0.0
			 471 351 0.7452229299363057
		group 3 5
			 1344 0 0.0
			 471 261 0.554140127388535
		group 4 5
			 1344 0 0.0
			 471 242 0.5138004246284501
AT1G01220|AT1G01220.4|FKG
	sid Chr1
		group 1 6
			 2847 2845 0.9992975061468212
			 961 943 0.9812695109261186
	sid Chr4
		group 1 3
			 2847 0 0.0
			 961 113 0.11758584807492195
AT1G01100|AT1G01100.4|AT1
	sid Chr1
		group 1 3
			 339 339 1.0
			 117 111 0.9487179487179487
	sid Chr5
		group 1 3
			 339 0 0.0
			 117 111 0.9487179487179487
	sid Chr4
		group 1 3
			 339 0 0.0
			 117 110 0.9401709401709402
AT1G01170|AT1G01170.1|AT1
	sid Chr1
		group 1 2
			 252 252 1.0
			 87 84 0.9655172413793104
AT1G01190|AT1G01190.2|CYP
	sid Chr1
		group 4 1
			 1623 0 0.0
			 544 465 0.8547794117647058
		group 5 2
			 1623 0 0.0
			 544 453 0.8327205882352942
		group 6 2
			 1623 0 0.0
			 544 345 0.6341911764705882
		group 7 1
			 1623 0 0.0
			 544 460 0.8455882352941176
		group 8 1
			 1623 0 0.0
			 544 461 0.8474264705882353
		group 9 2
			 1623 0 0.0
			 544 435 0.7996323529411765
		group 11 2
			 1623 0 0.0
			 544 372 0.6838235294117647
		group 12 2
			 1623 0 0.0
			 544 392 0.7205882352941176
		group 13 2
			 1623 0 0.0
			 544 372 0.6838235294117647
		group 14 2
			 1623 0 0.0
			 544 440 0.8088235294117647
		group 15 1
			 1623 0 0.0
			 544 206 0.3786764705882353
		group 16 2
			 1623 0 0.0
			 544 444 0.8161764705882353
		group 17 1
			 1623 0 0.0
			 544 415 0.7628676470588235
		group 18 2
			 1623 0 0.0
			 544 437 0.8033088235294118
		group 1 2
			 1623 1623 1.0
			 544 540 0.9926470588235294
		group 2 2
			 1623 0 0.0
			 544 506 0.9301470588235294
		group 3 2
			 1623 0 0.0
			 544 493 0.90625
		group 10 2
			 1623 0 0.0
			 544 357 0.65625
	sid Chr2
		group 8 2
			 1623 0 0.0
			 544 457 0.8400735294117647
		group 10 3
			 1623 0 0.0
			 544 365 0.6709558823529411
		group 11 2
			 1623 0 0.0
			 544 376 0.6911764705882353
		group 16 3
			 1623 0 0.0
			 544 342 0.6286764705882353
		group 18 2
			 1623 0 0.0
			 544 324 0.5955882352941176
		group 19 2
			 1623 0 0.0
			 544 359 0.6599264705882353
		group 1 2
			 1623 0 0.0
			 544 531 0.9761029411764706
		group 2 3
			 1623 0 0.0
			 544 331 0.6084558823529411
		group 3 2
			 1623 0 0.0
			 544 443 0.8143382352941176
		group 4 4
			 1623 0 0.0
			 544 374 0.6875
		group 5 3
			 1623 0 0.0
			 544 351 0.6452205882352942
		group 6 2
			 1623 0 0.0
			 544 422 0.7757352941176471
		group 7 2
			 1623 0 0.0
			 544 380 0.6985294117647058
		group 9 3
			 1623 0 0.0
			 544 444 0.8161764705882353
		group 12 2
			 1623 0 0.0
			 544 314 0.5772058823529411
		group 13 1
			 1623 0 0.0
			 544 208 0.38235294117647056
		group 14 2
			 1623 0 0.0
			 544 347 0.6378676470588235
		group 15 3
			 1623 0 0.0
			 544 221 0.40625
		group 17 3
			 1623 0 0.0
			 544 373 0.6856617647058824
	sid Chr3
		group 2 2
			 1623 0 0.0
			 544 433 0.7959558823529411
		group 3 2
			 1623 0 0.0
			 544 440 0.8088235294117647
		group 4 2
			 1623 0 0.0
			 544 381 0.7003676470588235
		group 5 1
			 1623 0 0.0
			 544 467 0.8584558823529411
		group 6 2
			 1623 0 0.0
			 544 453 0.8327205882352942
		group 7 2
			 1623 0 0.0
			 544 442 0.8125
		group 8 2
			 1623 0 0.0
			 544 413 0.7591911764705882
		group 9 2
			 1623 0 0.0
			 544 454 0.8345588235294118
		group 10 2
			 1623 0 0.0
			 544 439 0.8069852941176471
		group 12 1
			 1623 0 0.0
			 544 464 0.8529411764705882
		group 14 2
			 1623 0 0.0
			 544 459 0.84375
		group 15 2
			 1623 0 0.0
			 544 447 0.8216911764705882
		group 16 2
			 1623 0 0.0
			 544 453 0.8327205882352942
		group 17 2
			 1623 0 0.0
			 544 423 0.7775735294117647
		group 18 2
			 1623 0 0.0
			 544 472 0.8676470588235294
		group 20 2
			 1623 0 0.0
			 544 379 0.6966911764705882
		group 1 2
			 1623 0 0.0
			 544 534 0.9816176470588235
		group 11 3
			 1623 0 0.0
			 544 373 0.6856617647058824
		group 13 2
			 1623 0 0.0
			 544 345 0.6341911764705882
		group 19 2
			 1623 0 0.0
			 544 424 0.7794117647058824
	sid Chr5
		group 1 2
			 1623 0 0.0
			 544 527 0.96875
		group 2 3
			 1623 0 0.0
			 544 283 0.5202205882352942
		group 5 1
			 1623 0 0.0
			 544 471 0.8658088235294118
		group 7 1
			 1623 0 0.0
			 544 478 0.8786764705882353
		group 10 2
			 1623 0 0.0
			 544 478 0.8786764705882353
		group 11 1
			 1623 0 0.0
			 544 466 0.8566176470588235
		group 12 1
			 1623 0 0.0
			 544 472 0.8676470588235294
		group 13 2
			 1623 0 0.0
			 544 460 0.8455882352941176
		group 18 3
			 1623 0 0.0
			 544 344 0.6323529411764706
		group 19 1
			 1623 0 0.0
			 544 201 0.3694852941176471
		group 3 2
			 1623 0 0.0
			 544 425 0.78125
		group 4 2
			 1623 0 0.0
			 544 450 0.8272058823529411
		group 6 2
			 1623 0 0.0
			 544 457 0.8400735294117647
		group 8 2
			 1623 0 0.0
			 544 456 0.8382352941176471
		group 9 2
			 1623 0 0.0
			 544 432 0.7941176470588235
		group 14 2
			 1623 0 0.0
			 544 321 0.5900735294117647
		group 15 2
			 1623 0 0.0
			 544 442 0.8125
		group 16 2
			 1623 0 0.0
			 544 471 0.8658088235294118
		group 17 3
			 1623 0 0.0
			 544 405 0.7444852941176471
		group 20 2
			 1623 0 0.0
			 544 346 0.6360294117647058
	sid Chr4
		group 1 1
			 1623 0 0.0
			 544 460 0.8455882352941176
		group 2 1
			 1623 0 0.0
			 544 458 0.8419117647058824
		group 5 2
			 1623 0 0.0
			 544 349 0.6415441176470589
		group 7 3
			 1623 0 0.0
			 544 334 0.6139705882352942
		group 8 2
			 1623 0 0.0
			 544 376 0.6911764705882353
		group 9 2
			 1623 0 0.0
			 544 479 0.8805147058823529
		group 10 2
			 1623 0 0.0
			 544 428 0.7867647058823529
		group 11 2
			 1623 0 0.0
			 544 454 0.8345588235294118
		group 18 2
			 1623 0 0.0
			 544 439 0.8069852941176471
		group 19 2
			 1623 0 0.0
			 544 461 0.8474264705882353
		group 20 2
			 1623 0 0.0
			 544 405 0.7444852941176471
		group 3 2
			 1623 0 0.0
			 544 445 0.8180147058823529
		group 4 2
			 1623 0 0.0
			 544 447 0.8216911764705882
		group 6 2
			 1623 0 0.0
			 544 346 0.6360294117647058
		group 12 3
			 1623 0 0.0
			 544 318 0.5845588235294118
		group 13 2
			 1623 0 0.0
			 544 445 0.8180147058823529
		group 14 2
			 1623 0 0.0
			 544 433 0.7959558823529411
		group 15 2
			 1623 0 0.0
			 544 448 0.8235294117647058
		group 16 2
			 1623 0 0.0
			 544 328 0.6029411764705882
		group 17 2
			 1623 0 0.0
			 544 456 0.8382352941176471
AT1G01240|AT1G01240.2|AT1
	sid Chr1
		group 1 1
			 996 996 1.0
			 333 332 0.996996996996997
	sid Chr2
		group 1 2
			 996 0 0.0
			 333 217 0.6516516516516516
AT1G01140|AT1G01140.3|CIP
	sid Chr1
		group 2 1
			 1356 0 0.0
			 475 433 0.911578947368421
		group 3 9
			 1356 0 0.0
			 475 332 0.6989473684210527
		group 6 2
			 1356 0 0.0
			 475 244 0.5136842105263157
		group 7 5
			 1356 0 0.0
			 475 183 0.38526315789473686
		group 1 11
			 1356 1053 0.7765486725663717
			 475 402 0.8463157894736842
		group 4 8
			 1356 0 0.0
			 475 361 0.76
		group 5 5
			 1356 225 0.16592920353982302
			 475 114 0.24
	sid Chr5
		group 4 1
			 1356 0 0.0
			 475 417 0.8778947368421053
		group 7 1
			 1356 0 0.0
			 475 383 0.8063157894736842
		group 9 11
			 1356 0 0.0
			 475 338 0.7115789473684211
		group 10 11
			 1356 0 0.0
			 475 362 0.7621052631578947
		group 12 5
			 1356 0 0.0
			 475 251 0.5284210526315789
		group 13 4
			 1356 0 0.0
			 475 222 0.4673684210526316
		group 1 1
			 1356 0 0.0
			 475 435 0.9157894736842105
		group 2 1
			 1356 0 0.0
			 475 442 0.9305263157894736
		group 3 1
			 1356 0 0.0
			 475 442 0.9305263157894736
		group 5 1
			 1356 0 0.0
			 475 446 0.9389473684210526
		group 6 1
			 1356 0 0.0
			 475 435 0.9157894736842105
		group 8 1
			 1356 0 0.0
			 475 408 0.8589473684210527
		group 11 6
			 1356 0 0.0
			 475 260 0.5473684210526316
		group 14 1
			 1356 0 0.0
			 475 209 0.44
	sid Chr4
		group 1 1
			 1356 0 0.0
			 475 442 0.9305263157894736
		group 4 11
			 1356 0 0.0
			 475 325 0.6842105263157895
		group 2 1
			 1356 0 0.0
			 475 437 0.92
		group 3 1
			 1356 0 0.0
			 475 374 0.7873684210526316
	sid Chr2
		group 1 1
			 1356 0 0.0
			 475 433 0.911578947368421
		group 2 2
			 1356 0 0.0
			 475 436 0.9178947368421052
		group 3 1
			 1356 0 0.0
			 475 412 0.8673684210526316
		group 4 2
			 1356 0 0.0
			 475 385 0.8105263157894737
		group 5 10
			 1356 0 0.0
			 475 322 0.6778947368421052
	sid Chr3
		group 1 1
			 1356 0 0.0
			 475 414 0.871578947368421
		group 2 9
			 1356 0 0.0
			 475 355 0.7473684210526316
		group 3 5
			 1356 0 0.0
			 475 261 0.5494736842105263
		group 4 5
			 1356 0 0.0
			 475 242 0.5094736842105263
AT1G01080|AT1G01080.1|AT1
	sid Chr1
		group 1 4
			 882 882 1.0
			 300 294 0.98
AT1G01240|AT1G01240.4|AT1
	sid Chr1
		group 1 1
			 996 996 1.0
			 333 332 0.996996996996997
	sid Chr2
		group 1 2
			 996 0 0.0
			 333 217 0.6516516516516516
AT1G01220|AT1G01220.8|FKG
	sid Chr1
		group 1 6
			 2871 2869 0.9993033786137234
			 969 951 0.9814241486068112
	sid Chr4
		group 1 3
			 2871 0 0.0
			 969 113 0.11661506707946337
AT1G01120|AT1G01120.1|KCS
	sid Chr1
		group 2 1
			 1587 0 0.0
			 530 503 0.9490566037735849
		group 1 1
			 1587 1587 1.0
			 530 529 0.9981132075471698
		group 3 2
			 1587 0 0.0
			 530 255 0.4811320754716981
		group 4 2
			 1587 0 0.0
			 530 349 0.6584905660377358
		group 5 2
			 1587 0 0.0
			 530 350 0.660377358490566
		group 6 1
			 1587 0 0.0
			 530 403 0.7603773584905661
		group 7 1
			 1587 0 0.0
			 530 475 0.8962264150943396
	sid Chr2
		group 1 1
			 1587 0 0.0
			 530 495 0.9339622641509434
		group 2 1
			 1587 0 0.0
			 530 496 0.9358490566037736
		group 3 1
			 1587 0 0.0
			 530 423 0.7981132075471699
		group 5 1
			 1587 0 0.0
			 530 472 0.8905660377358491
		group 4 4
			 1587 0 0.0
			 530 208 0.39245283018867927
		group 6 1
			 1587 0 0.0
			 530 424 0.8
	sid Chr5
		group 1 2
			 1587 0 0.0
			 530 256 0.4830188679245283
		group 2 1
			 1587 0 0.0
			 530 420 0.7924528301886793
		group 3 1
			 1587 0 0.0
			 530 445 0.839622641509434
	sid Chr3
		group 1 2
			 1587 0 0.0
			 530 264 0.4981132075471698
		group 2 4
			 1587 0 0.0
			 530 205 0.3867924528301887
	sid Chr4
		group 1 1
			 1587 0 0.0
			 530 482 0.909433962264151
		group 2 1
			 1587 0 0.0
			 530 466 0.879245283018868
		group 3 1
			 1587 0 0.0
			 530 471 0.8886792452830189
AT1G01150|AT1G01150.2|AT1
	sid Chr1
		group 1 4
			 930 930 1.0
			 316 310 0.9810126582278481
AT1G01110|AT1G01110.2|IQD
	sid Chr1
		group 1 5
			 1584 1584 1.0
			 533 529 0.9924953095684803
	sid Chr4
		group 1 5
			 1584 0 0.0
			 533 531 0.9962476547842402
AT1G01210|AT1G01210.3|AT1
	sid Chr1
		group 1 3
			 321 320 0.9968847352024922
			 112 107 0.9553571428571429
	sid Chr4
		group 1 2
			 321 0 0.0
			 112 107 0.9553571428571429
AT1G01230|AT1G01230.1|AT1
	sid Chr1
		group 1 2
			 474 335 0.7067510548523207
			 162 130 0.8024691358024691
	sid Chr5
		group 1 2
			 474 0 0.0
			 162 110 0.6790123456790124
AT1G01200|AT1G01200.1|RAB
	sid Chr1
		group 6 2
			 714 0 0.0
			 241 192 0.7966804979253111
		group 7 2
			 714 0 0.0
			 241 174 0.7219917012448133
		group 8 2
			 714 0 0.0
			 241 213 0.8838174273858921
		group 1 2
			 714 714 1.0
			 241 238 0.9875518672199171
		group 2 2
			 714 0 0.0
			 241 210 0.8713692946058091
		group 3 2
			 714 0 0.0
			 241 214 0.8879668049792531
		group 4 2
			 714 0 0.0
			 241 212 0.8796680497925311
		group 5 2
			 714 0 0.0
			 241 215 0.8921161825726142
		group 9 2
			 714 0 0.0
			 241 184 0.7634854771784232
	sid Chr5
		group 2 2
			 714 0 0.0
			 241 214 0.8879668049792531
		group 3 2
			 714 0 0.0
			 241 215 0.8921161825726142
		group 4 2
			 714 0 0.0
			 241 199 0.8257261410788381
		group 5 2
			 714 0 0.0
			 241 214 0.8879668049792531
		group 1 2
			 714 0 0.0
			 241 205 0.8506224066390041
		group 6 2
			 714 0 0.0
			 241 141 0.5850622406639004
		group 7 2
			 714 0 0.0
			 241 170 0.7053941908713693
	sid Chr3
		group 2 2
			 714 0 0.0
			 241 211 0.8755186721991701
		group 1 2
			 714 0 0.0
			 241 199 0.8257261410788381
		group 3 2
			 714 0 0.0
			 241 198 0.8215767634854771
		group 4 2
			 714 0 0.0
			 241 175 0.7261410788381742
	sid Chr4
		group 1 2
			 714 0 0.0
			 241 214 0.8879668049792531
		group 2 2
			 714 0 0.0
			 241 211 0.8755186721991701
		group 3 2
			 714 0 0.0
			 241 212 0.8796680497925311
	sid Chr2
		group 4 2
			 714 0 0.0
			 241 155 0.6431535269709544
		group 1 2
			 714 0 0.0
			 241 211 0.8755186721991701
		group 2 2
			 714 0 0.0
			 241 175 0.7261410788381742
		group 3 2
			 714 0 0.0
			 241 174 0.7219917012448133
AT1G01210|AT1G01210.1|AT1
	sid Chr1
		group 1 3
			 321 320 0.9968847352024922
			 112 107 0.9553571428571429
	sid Chr4
		group 1 2
			 321 0 0.0
			 112 107 0.9553571428571429
AT1G01100|AT1G01100.2|AT1
	sid Chr1
		group 1 3
			 339 339 1.0
			 117 111 0.9487179487179487
	sid Chr5
		group 1 3
			 339 0 0.0
			 117 111 0.9487179487179487
	sid Chr4
		group 1 3
			 339 0 0.0
			 117 110 0.9401709401709402
AT1G01160|AT1G01160.1|GIF
	sid Chr1
		group 1 5
			 588 587 0.9982993197278912
			 203 194 0.9556650246305419
	sid Chr4
		group 1 3
			 588 0 0.0
			 203 141 0.6945812807881774
AT1G01220|AT1G01220.2|FKG
	sid Chr1
		group 1 5
			 2601 2599 0.9992310649750096
			 874 866 0.9908466819221968
AT1G01180|AT1G01180.1|AT1
	sid Chr1
		group 1 1
			 924 924 1.0
			 309 308 0.9967637540453075
AT1G01080|AT1G01080.3|AT1
	sid Chr1
		group 1 3
			 861 861 1.0
			 292 288 0.9863013698630136
AT1G01400|AT1G01400.1|AT1
	sid Chr1
		group 1 4
			 615 614 0.9983739837398374
			 211 201 0.95260663507109
AT1G01580|AT1G01580.1|FRO
	sid Chr1
		group 1 7
			 2178 2073 0.9517906336088154
			 738 683 0.9254742547425474
		group 2 7
			 2178 103 0.0472910927456382
			 738 656 0.8888888888888888
		group 3 7
			 2178 0 0.0
			 738 657 0.8902439024390244
	sid Chr5
		group 4 7
			 2178 0 0.0
			 738 624 0.8455284552845529
		group 1 8
			 2178 0 0.0
			 738 668 0.9051490514905149
		group 2 7
			 2178 0 0.0
			 738 666 0.9024390243902439
		group 3 8
			 2178 0 0.0
			 738 554 0.7506775067750677
		group 5 6
			 2178 0 0.0
			 738 445 0.6029810298102981
AT1G01430|AT1G01430.1|TBL
	sid Chr1
		group 2 1
			 1371 0 0.0
			 461 350 0.7592190889370932
		group 3 3
			 1371 0 0.0
			 461 179 0.3882863340563991
		group 1 3
			 1371 1370 0.9992706053975201
			 461 457 0.9913232104121475
	sid Chr4
		group 3 2
			 1371 0 0.0
			 461 352 0.7635574837310195
		group 4 2
			 1371 0 0.0
			 461 354 0.7678958785249458
		group 1 3
			 1371 0 0.0
			 461 416 0.9023861171366594
		group 2 3
			 1371 0 0.0
			 461 404 0.8763557483731019
	sid Chr5
		group 5 4
			 1371 0 0.0
			 461 176 0.38177874186550975
		group 1 2
			 1371 0 0.0
			 461 402 0.8720173535791758
		group 2 2
			 1371 0 0.0
			 461 356 0.7722342733188721
		group 3 2
			 1371 0 0.0
			 461 357 0.7744034707158352
		group 4 2
			 1371 0 0.0
			 461 316 0.6854663774403471
	sid Chr3
		group 1 3
			 1371 0 0.0
			 461 251 0.544468546637744
		group 2 2
			 1371 0 0.0
			 461 350 0.7592190889370932
		group 3 4
			 1371 0 0.0
			 461 199 0.4316702819956616
	sid Chr2
		group 1 1
			 1371 0 0.0
			 461 364 0.789587852494577
AT1G01520|AT1G01520.3|ASG
	sid Chr1
		group 1 4
			 864 596 0.6898148148148148
			 300 227 0.7566666666666667
		group 2 3
			 864 264 0.3055555555555556
			 300 102 0.34
	sid Chr4
		group 1 4
			 864 0 0.0
			 300 193 0.6433333333333333
	sid Chr3
		group 1 4
			 864 0 0.0
			 300 186 0.62
	sid Chr5
		group 2 4
			 864 0 0.0
			 300 175 0.5833333333333334
		group 1 4
			 864 0 0.0
			 300 163 0.5433333333333333
AT1G01340|AT1G01340.1|CNG
	sid Chr1
		group 1 6
			 2121 2005 0.9453088165959453
			 719 696 0.9680111265646731
		group 2 5
			 2121 0 0.0
			 719 654 0.9095966620305981
		group 3 3
			 2121 0 0.0
			 719 547 0.760778859527121
		group 4 2
			 2121 0 0.0
			 719 217 0.30180806675938804
		group 5 1
			 2121 237 0.11173974540311174
			 719 90 0.12517385257301808
	sid Chr4
		group 1 5
			 2121 0 0.0
			 719 657 0.913769123783032
		group 2 4
			 2121 0 0.0
			 719 686 0.9541029207232267
		group 3 3
			 2121 0 0.0
			 719 494 0.6870653685674548
	sid Chr5
		group 2 5
			 2121 0 0.0
			 719 675 0.9388038942976356
